918005661
800050049
918327354
800455651
803628288
410225882
903905529
959363342
946684735
916126196
944877570
803583392
955316484
800516627
900510538
906527098
912278504
800265548
800352494
400589834
400688966
401282249
800233595
400566170
802943076
802929687
906498423
413053463
401776216
930826383
901015107
410064323
800873382
400098885
403751464
930860606
401282249
400916938
804086619
400818670
804373181
960325132
908820947
803236827
804437333
901290338
975315342
800352312
930537642
803815281
803071323
927845883
410679377
403793763
803048537
972216063
804606580
972086052
800183568
912358694
942220369
802496356
400936142
906719562
946231628
900314956
907550263
939050480
947627352
402141063
803887975
801783457
910538149
803696822
802469460
800896714
946655669
917043457
411036213
908654403
901478479
900152448
402490833
900282070
400729786
900188897
935031427
801825191
913124194
800690810
800582868
947225777
929716967
931158125
905333738
900280033
800405813
916317571
970939252
974334823
907494132
926695438
803186659
401953039
900989963
900275025
803734201
900311085
905158556
906754148
900290248
919870485
908081730
803902782
801606997
900848714
900846452
972336911
920754546
412302812
801915125
900846452
800340390
803424472
900942327
800406977
945892073
914651203
913519161
959310236
909185043
931654149
920563954
962312468
931707095
900631292
804608776
900502543
900646969
907901821
801445123
803132836
405155698
991296377
921985909
993171024
900995580
923405245
939310199
802327650
912857042
804822864
400695664
960030633
931693162
932658057
900849068
931504096
800286528
976657809
803277300
930682786
804552115
929380483
405138306
801943366
802257758
802307728
926760307
900833401
909497067
925057440
927722074
804007490
803781012
959334145
964398549
900290024
900290024
400131793
976066126
803096320
901956946
931271472
803934900
902711761
900219676
900188608
925721714
903546554
802139493
907818843
802391912
803058353
802393082
404745218
804048338
905370086
954749578
917182131
902740463
976240135
801330937
907704498
413320185
955021431
901329201
976243634
804359636
413375452
900258344
910798958
942097049
950041277
906666516
946690716
900833161
802872994
903107886
801058397
905229928
801591926
900603127
900506015
800767832
801861618
800120560
801394248
802444075
414609305
803298264
911825958
900220260
801474537
900178369
914717855
931528772
801470279
965190242
974301012
900151291
803071323
903576551
905231189
975315342
403102841
972626626
903172823
966207649
803502095
927845883
411778095
923782379
900566415
900610031
403608441
801789900
930675129
968915686
930670948
932088974
907185151
921145231
900489196
801362476
803858802
801756370
900838806
930537642
800352312
802632976
404659674
903436988
901489021
411043342
804713774
910747633
803815281
976069849
900149212
413054750
903511236
802202366
900338880
411915242
802120345
900970047
803714401
401093992
804644565
959331265
411937899
907902043
411164510
400997268
410139299
411048739
953559028
402947162
945026557
931326060
901691709
802321927
422240838
802859306
801903964
801395112
800608762
801437468
804425395
401292677
803830660
400758959
802567610
900775172
947627352
803125491
410006399
804437655
802300699
802419945
402490833
412450884
804012581
802309617
938921277
931707095
802943407
803776798
960868826
800023756
920618097
410143150
400934634
800477929
802632976
958319758
400840450
912251063
803828524
405131061
800484636
802657650
800108185
906271952
901820845
906647516
952219491
911865335
931157077
922042387
803845106
932077951
913918231
801862079
802957332
802643189
800225138
801558198
803302496
403739857
987947744
900588955
800422131
916952492
900212598
401194642
802227462
802496604
401958715
800717829
906706635
960247096
400613477
911865335
802118430
957400138
802174342
900528167
803883560
988630448
906654314
904492386
934868357
900982620
905304275
900574682
961233012
410064323
800117574
937481356
924923980
909079584
409775871
802711283
400745741
410560114
947220232
930537642
906543145
958561656
929715480
802243857
923372551
901002204
904469988
801937947
400840450
803551084
803918184
907480883
804552115
801716713
901836163
804489920
801938663
905330072
905434320
803383678
800352312
905328860
400934634
804684314
900580960
900237652
924927411
400912887
400695664
804822864
803277300
972571533
901631002
803071323
903099927
946540861
803600162
804449775
906647516
900260142
400044251
909148017
926720327
901653998
403797954
800225138
803302496
801558198
800292732
946540861
971197223
803047331